1
2
5
10
21
42
85
170
186
202
221
241
263
287
313
341
372
405
442
482
526
574
626
682
744
811
885
965
1052
1148
1252
1365
1488
1623
1770
1930
2105
2296
2504
2730
2977
3247
3541
3861
4211
4592
5008
5461
5955
6494
7082
7723
8422
9184
10016
10922
11911
12989
14164
15446
16845
18369
20032
21845
23822
25978
28329
30893
33690
36739
40064
43690
47645
51957
56659
61787
67380
73478
80129
87381
95290
103914
113319
123575
134760
146957
160258
174762
190580
207829
226639
247151
269520
293914
320516
349525
381160
415658
453278
494303
539041
587829
641032
699050
762320
831316
906556
988606
1078083
1175658
1282064
1398101
1524640
1662632
1813113
1977213
2156167
2351316
2564129
2796202
3049280
3325264
