1
2
4
8
16
32
64
128
256
512
1024
1116
1217
1327
1448
1579
1722
1878
2048
2233
2435
2655
2896
3158
3444
3756
4096
4466
4870
5311
5792
6316
6888
7512
8192
8933
9741
10623
11585
12633
13777
15024
16384
17866
19483
21247
23170
25267
27554
30048
32768
35733
38967
42494
46340
50535
55108
60096
65536
71467
77935
84989
92681
101070
110217
120193
131072
142935
155871
169979
185363
202140
220435
240387
262144
285870
311743
339958
370727
404281
440871
480774
524288
571740
623487
679917
741455
808562
881743
961548
1048576
